"cohort" "CFR.1" "CFR.2" "CFR.3"
"1" 1942 2.48 2.28 2.08
"2" 1943 2.444 2.25 2.062
"3" 1944 2.408 2.22 2.044
"4" 1945 2.372 2.19 2.026
"5" 1946 2.336 2.16 2.008
"6" 1947 2.3 2.13 1.99
"7" 1948 2.264 2.116 1.986
"8" 1949 2.228 2.102 1.982
"9" 1950 2.192 2.088 1.978
"10" 1951 2.156 2.074 1.974
"11" 1952 2.12 2.06 1.97
"12" 1953 2.114 2.056 1.976
"13" 1954 2.108 2.052 1.982
"14" 1955 2.102 2.048 1.988
"15" 1956 2.096 2.044 1.994
"16" 1957 2.09 2.04 2
"17" 1958 2.098 2.042 1.998
"18" 1959 2.106 2.044 1.996
"19" 1960 2.114 2.046 1.994
"20" 1961 2.122 2.048 1.992
"21" 1962 2.13 2.05 1.99
"22" 1963 2.12 2.048 1.988
"23" 1964 2.11 2.046 1.986
"24" 1965 2.1 2.044 1.984
"25" 1966 2.09 2.042 1.982
"26" 1967 2.08 2.04 1.98
"27" 1968 2.0625 2.025 1.9775
"28" 1969 2.045 2.01 1.975
"29" 1970 2.0275 1.995 1.9725
"30" 1971 2.01 1.98 1.97
