"cohort" "CFR.1" "CFR.2" "CFR.3"
"1" 1935 2.5900841 2.4625816 2.1961608
"2" 1936 2.616925 2.4568839 2.1760042
"3" 1937 2.5904664 2.4435918 2.1874703
"4" 1938 2.5768562 2.439474 2.1225941
"5" 1939 2.5824828 2.4184871 2.1760861
"6" 1940 2.5490242 2.3569017 2.1505339
"7" 1941 2.5290306 2.3471108 2.1028571
"8" 1942 2.4941492 2.2958848 2.0960687
"9" 1943 2.4315764 2.25 2.0325604
"10" 1944 2.4059795 2.2017722 2.0369035
"11" 1945 2.3668934 2.1741979 2.0286185
"12" 1946 2.3253319 2.1519952 1.9914186
"13" 1947 2.3115634 2.1211648 1.9686532
"14" 1948 2.2634396 2.0994861 1.9872945
"15" 1949 2.2268358 2.0893647 1.9633191
"16" 1950 2.2036064 2.0669489 1.9630428
"17" 1951 2.1855059 2.0725801 1.9492683
"18" 1952 2.1072716 2.0522373 1.9936755
"19" 1953 2.0552085 2.0438001 1.9839731
"20" 1954 2.0436837 2.061956 1.9495821
"21" 1955 2.0527142 2.0553974 1.9709242
"22" 1956 2.0551372 2.0388441 1.9900479
"23" 1957 2.0863952 2.0405444 1.993988
"24" 1958 2.1146203 2.0324183 2.0024193
"25" 1959 2.1141625 2.0158033 2.0350353
"26" 1960 2.1077769 2.0371713 2.032139
"27" 1961 2.151028 2.0407075 1.9952218
"28" 1962 2.1377826 2.0498542 2.0050234
"29" 1963 2.1338975 2.0527435 1.9766684
"30" 1964 2.1166621 2.0621397 1.9672838
"31" 1965 2.0971971 2.0441628 1.9798633
"32" 1966 2.0797607 2.0508914 1.9807743
"33" 1967 2.0678887 2.0390038 1.9760234
"34" 1968 2.083421 2.040561 1.9805073
"35" 1969 2.0469725 2.025303 1.978299
"36" 1970 2.0545793 2.0133848 1.9640799
"37" 1971 1.9997683 1.9991284 1.9775458
"38" 1972 1.9976617 1.9992867 1.9637454
"39" 1973 1.9838993 1.9663096 1.9784895
"40" 1974 1.964366 1.932007 1.9779254
"41" 1975 1.8974359 1.9365442 1.9653891
"42" 1976 1.8807738 1.9513587 1.9535475
"43" 1977 1.838119 1.9205491 1.9659009
"44" 1978 1.7990947 1.912489 1.9469292
