"lowedF" "mededF" "highedF" "year"
"1" 0.798271923022333 0.97952754004759 1 1900
"2" 0.790971165388986 0.978071810664322 1 1901
"3" 0.783477852718521 0.976567561269867 1 1902
"4" 0.775792061416443 0.975015558649972 1 1903
"5" 0.767914266820028 0.97341677803505 1 1904
"6" 0.759845362008531 0.971772411430254 1 1905
"7" 0.751586675492295 0.970083875021749 1 1906
"8" 0.743139987567491 0.968352815516254 1 1907
"9" 0.734507545120203 0.966581115271174 1 1908
"10" 0.725692074663093 0.964770896074926 1 1909
"11" 0.716696793390366 0.962924521441825 1 1910
"12" 0.707525418042271 0.961044597293101 1 1911
"13" 0.698182171379204 0.959133970905434 1 1912
"14" 0.688671786077742 0.957195728020937 1 1913
"15" 0.678999505876637 0.955233188027668 1 1914
"16" 0.669187473365651 0.953266273730714 1 1915
"17" 0.659206942333516 0.951263775238054 1 1916
"18" 0.649222508783648 0.949253747529167 1 1917
"19" 0.639225935442029 0.947224254237002 1 1918
"20" 0.62920224237164 0.945156712470374 1 1919
"21" 0.619132686246988 0.943029956424083 1 1920
"22" 0.608990504724527 0.940818597477206 1 1921
"23" 0.598750024657128 0.93849684348761 1 1922
"24" 0.588385104618579 0.936039385190828 1 1923
"25" 0.577869824827316 0.933421722678889 1 1924
"26" 0.567180152034878 0.930622272816015 1 1925
"27" 0.55629146392259 0.927620328423768 1 1926
"28" 0.545180295985021 0.924395624100252 1 1927
"29" 0.533825122205904 0.920928162053289 1 1928
"30" 0.522210771971426 0.91719888172742 1 1929
"31" 0.510324581668376 0.913190548366684 1 1930
"32" 0.498155530030018 0.908888118415915 1 1931
"33" 0.485695117943644 0.904278134195428 1 1932
"34" 0.472944012367596 0.899352296959304 1 1933
"35" 0.459913531037723 0.894108179502718 1 1934
"36" 0.446640381762655 0.888551763754952 1 1935
"37" 0.433174004762646 0.882692978241074 1 1936
"38" 0.419591211981147 0.876549929594553 1 1937
"39" 0.405983979463476 0.870143322630115 1 1938
"40" 0.392459964812284 0.86349478284429 1 1939
"41" 0.379132015112848 0.856625496490564 1 1940
"42" 0.366119514366067 0.849553559102086 1 1941
"43" 0.35354424271266 0.842294397943365 1 1942
"44" 0.341525946146358 0.834861868497464 1 1943
"45" 0.330173249064173 0.827264199415465 1 1944
"46" 0.319578193428464 0.819502117563492 1 1945
"47" 0.309808025312951 0.811571032842202 1 1946
"48" 0.300917059193928 0.803465426491009 1 1947
"49" 0.292930063672011 0.795180431946522 1 1948
"50" 0.285855197193463 0.786714462382619 1 1949
"51" 0.279669926454223 0.77807263610904 1 1950
"52" 0.274334706570806 0.769261302547209 1 1951
"53" 0.269769308373216 0.760285308376315 1 1952
"54" 0.265862612093986 0.751145587734827 1 1953
"55" 0.262461032939043 0.741830797700016 1 1954
"56" 0.259397268185488 0.73232382811629 1 1955
"57" 0.256490706538931 0.72259676391158 1 1956
"58" 0.253560986140709 0.712619010253542 1 1957
"59" 0.250414264729267 0.702358370473428 1 1958
"60" 0.246854799777432 0.69178288668644 1 1959
"61" 0.242710158091537 0.68086374113207 1 1960
"62" 0.237892356729446 0.669577807593266 1 1961
"63" 0.232411671235791 0.6579151094849 1 1962
"64" 0.226311259634382 0.645871608509393 1 1963
"65" 0.219687115001633 0.633458217371923 1 1964
"66" 0.212663883158662 0.620704154840325 1 1965
"67" 0.205372373538915 0.607646689952356 1 1966
"68" 0.197949613193218 0.594341121305717 1 1967
"69" 0.190525802109899 0.580855942681066 1 1968
"70" 0.183225099932225 0.567275246848691 1 1969
"71" 0.176168838580755 0.553687950639247 1 1970
"72" 0.169471087087798 0.540188603803483 1 1971
"73" 0.16323807730561 0.526873359925605 1 1972
"74" 0.157552362526831 0.513831207830295 1 1973
"75" 0.152483092184504 0.501145957308752 1 1974
"76" 0.14806748822067 0.488886973023751 1 1975
"77" 0.144319647945733 0.47710790329007 1 1976
"78" 0.141220558933532 0.465834435888404 1 1977
"79" 0.138736353050937 0.455077696329698 1 1978
"80" 0.136805794149945 0.444816034264811 1 1979
"81" 0.135363717963811 0.435012264778534 1 1980
"82" 0.134343923396743 0.425614203234418 1 1981
"83" 0.133679075751302 0.416563575674732 1 1982
"84" 0.133299183138737 0.407792246741476 1 1983
"85" 0.133135197450788 0.39923320229995 1 1984
"86" 0.133125429854082 0.390826465535271 1 1985
"87" 0.133212105059354 0.382515644526297 1 1986
"88" 0.133349300528826 0.374255636696825 1 1987
"89" 0.13350764714312 0.366017155632745 1 1988
"90" 0.13366607666002 0.358053705636343 1 1989
"91" 0.133824667270508 0.350231770090769 1 1990
"92" 0.133983416943352 0.342617478203094 1 1991
"93" 0.134142325769022 0.335210900870209 1 1992
"94" 0.134301393837876 0.328011669615008 1 1993
"95" 0.13446062124015 0.321019001290607 1 1994
"96" 0.134620008065966 0.314231723416702 1 1995
"97" 0.134779554405324 0.307648299914664 1 1996
"98" 0.134939260348109 0.301266857024038 1 1997
"99" 0.135099125984082 0.295085209200175 1 1998
"100" 0.135259151402888 0.289100884810688 1 1999
"101" 0.13541933669405 0.283311151466636 1 2000
"102" 0.13557968194697 0.2777130408428 1 2001
"103" 0.135740187250928 0.272303372859569 1 2002
"104" 0.135900852695084 0.267078779116731 1 2003
"105" 0.136061678368474 0.262035725486591 1 2004
"106" 0.136222664360012 0.257170533790194 1 2005
"107" 0.136383810758488 0.252479402495799 1 2006
"108" 0.136545117652569 0.247958426393158 1 2007
"109" 0.136706585130796 0.243603615210387 1 2008
"110" 0.136868213281588 0.239410911152409 1 2009
"111" 0.137030002193237 0.235376205350859 1 2010
"112" 0.137191951953908 0.231495353225227 1 2011
"113" 0.137354062651642 0.227764188763676 1 2012
"114" 0.137516334374352 0.224178537739561 1 2013
"115" 0.137678767209823 0.220734229886258 1 2014
"116" 0.137841361245716 0.217427110058423 1 2015
"117" 0.138004116569558 0.214253048412422 1 2016
"118" 0.138167033268751 0.211207949642497 1 2017
"119" 0.138330111430567 0.208287761312077 1 2018
"120" 0.138493351142148 0.205488481321998 1 2019
