"inactiveWLow" "activeWLow" "inactiveWMed" "activeWMed" "inactiveWHigh" "activeWHigh" "year"
"1" 0.967093453652334 1 0.898905875939256 1 0.674050194429463 1 1900
"2" 0.964480673406868 1 0.893919028874647 1 0.664939490236396 1 1901
"3" 0.961668660970057 1 0.888716642872386 1 0.655702692232113 1 1902
"4" 0.958643571628815 1 0.883292435190813 1 0.646345040263037 1 1903
"5" 0.955390818235727 1 0.877640243121529 1 0.636872113186208 1 1904
"6" 0.951895068091039 1 0.871754060365883 1 0.627289819649767 1 1905
"7" 0.948140247103998 1 0.865628075982461 1 0.617604387055917 1 1906
"8" 0.944109552580853 1 0.859256715840304 1 0.607822348731054 1 1907
"9" 0.939785476113021 1 0.85263468647266 1 0.597950529344719 1 1908
"10" 0.93514983815798 1 0.845757021182094 1 0.587996028636013 1 1909
"11" 0.930183836011345 1 0.838619128199874 1 0.577966203522781 1 1910
"12" 0.924868106953735 1 0.831216840650956 1 0.567868648684648 1 1911
"13" 0.919182808411741 1 0.823546468021515 1 0.557711175726116 1 1912
"14" 0.913107716987975 1 0.815604848768959 1 0.547501791039538 1 1913
"15" 0.90662234817922 1 0.807389403656202 1 0.537248672500168 1 1914
"16" 0.899706098500882 1 0.7988981893332 1 0.526960145136042 1 1915
"17" 0.892338411556399 1 0.790129951631011 1 0.516644655924225 1 1916
"18" 0.8844990157552 1 0.78108420564158 1 0.505602362828877 1 1917
"19" 0.876167803439154 1 0.771751196648015 1 0.495323672985801 1 1918
"20" 0.867811680681901 1 0.762400103788538 1 0.485018007662152 1 1919
"21" 0.859392183003694 1 0.753010641047338 1 0.474673991585425 1 1920
"22" 0.850861074207256 1 0.743561364746661 1 0.464276630068223 1 1921
"23" 0.842156941771541 1 0.734020341241949 1 0.453822704430573 1 1922
"24" 0.833213792867261 1 0.724351405358098 1 0.443313370815768 1 1923
"25" 0.823961080180675 1 0.714509544381164 1 0.432752421626547 1 1924
"26" 0.814332760998916 1 0.704435491993498 1 0.422141985682657 1 1925
"27" 0.804266758637092 1 0.694062302961748 1 0.41147321074439 1 1926
"28" 0.793708943898529 1 0.683316650946006 1 0.400723408859257 1 1927
"29" 0.782609306415373 1 0.672124232464901 1 0.389865097166052 1 1928
"30" 0.770928744882038 1 0.660414010548902 1 0.378862492632083 1 1929
"31" 0.758640558925683 1 0.648122641658909 1 0.367674176533637 1 1930
"32" 0.745728527483357 1 0.635194177096395 1 0.356262505727725 1 1931
"33" 0.732190546811422 1 0.621583668187236 1 0.344607426458454 1 1932
"34" 0.718031033969027 1 0.607254092943121 1 0.332698869925639 1 1933
"35" 0.703269939176973 1 0.592194478766451 1 0.320551547526748 1 1934
"36" 0.687942838153907 1 0.576420324463386 1 0.308198452357928 1 1935
"37" 0.672106631366539 1 0.559972934714694 1 0.295692755317907 1 1936
"38" 0.655848219977998 1 0.54293444115508 1 0.283109077734814 1 1937
"39" 0.639264385896031 1 0.525402494530883 1 0.270530354351068 1 1938
"40" 0.622465136935606 1 0.507499493806103 1 0.258052644782335 1 1939
"41" 0.605566874585124 1 0.489357752568891 1 0.245767868941011 1 1940
"42" 0.588687646167088 1 0.471114682075536 1 0.233764061526193 1 1941
"43" 0.571938889026424 1 0.452900828273971 1 0.222120204851224 1 1942
"44" 0.555424940952652 1 0.434840259386196 1 0.210908723670623 1 1943
"45" 0.539224868981758 1 0.417036628287131 1 0.200182805849373 1 1944
"46" 0.523391738089858 1 0.399573712849033 1 0.189978328075728 1 1945
"47" 0.507955545693722 1 0.382513262173581 1 0.180310294310397 1 1946
"48" 0.492930197282463 1 0.365891608592547 1 0.171184810145867 1 1947
"49" 0.478327150046989 1 0.349737159160232 1 0.162605715526275 1 1948
"50" 0.464160059834773 1 0.334068507568849 1 0.154571432193222 1 1949
"51" 0.450442704262144 1 0.318900376013514 1 0.147075603220726 1 1950
"52" 0.437193337756293 1 0.304243453401421 1 0.14010839923714 1 1951
"53" 0.424447242502523 1 0.290105210440994 1 0.133652656741895 1 1952
"54" 0.412247866166349 1 0.27649299178207 1 0.127687061712756 1 1953
"55" 0.400655600974799 1 0.263416683605746 1 0.122180884379439 1 1954
"56" 0.389737710457139 1 0.25088901787686 1 0.117101011143643 1 1955
"57" 0.379551571632481 1 0.238924651705346 1 0.112412700091381 1 1956
"58" 0.370138946737051 1 0.227546535583133 1 0.108078309603047 1 1957
"59" 0.361539290078315 1 0.216781487293839 1 0.104060757439392 1 1958
"60" 0.353794583813124 1 0.206662035405845 1 0.100328616086194 1 1959
"61" 0.346934216255439 1 0.197215754210961 1 0.0968546533597618 1 1960
"62" 0.340954541573667 1 0.188458129182317 1 0.09361258905375 1 1961
"63" 0.335817012133251 1 0.180386538470292 1 0.0905786966785715 1 1962
"64" 0.331471740759493 1 0.172991254427411 1 0.087731412312865 1 1963
"65" 0.327851831235375 1 0.166249675396466 1 0.0850560930987045 1 1964
"66" 0.324883146710203 1 0.160131091751577 1 0.0825439005943278 1 1965
"67" 0.322489538727886 1 0.154597068676905 1 0.0801901763710764 1 1966
"68" 0.320600987430294 1 0.149605851646161 1 0.0779953736783385 1 1967
"69" 0.319152777023007 1 0.145116470260423 1 0.0759621460362578 1 1968
"70" 0.318094387878953 1 0.141093592009789 1 0.0740972424151884 1 1969
"71" 0.317378033331603 1 0.137506277036048 1 0.0724081979930111 1 1970
"72" 0.316954172294156 1 0.134324878235787 1 0.0709021048581819 1 1971
"73" 0.316773109720522 1 0.131521285114078 1 0.069581828626109 1 1972
"74" 0.316786840889275 1 0.129067913459451 1 0.0684475579263641 1 1973
"75" 0.31695663655517 1 0.126937193836868 1 0.0674925532091324 1 1974
"76" 0.31725918253578 1 0.12509962677634 1 0.0667051664107179 1 1975
"77" 0.317685374073847 1 0.123525001652436 1 0.0660692597364814 1 1976
"78" 0.318232297239718 1 0.122178639449914 1 0.0655648893990231 1 1977
"79" 0.318899664385275 1 0.12102277797048 1 0.0651702580436431 1 1978
"80" 0.319691170197725 1 0.120012725936663 1 0.0648593985651607 1 1979
"81" 0.320594867454425 1 0.119104219927971 1 0.064606366949135 1 1980
"82" 0.321574102342163 1 0.118254662954988 1 0.0643877259095778 1 1981
"83" 0.322588071013716 1 0.117430765307987 1 0.0641851127460962 1 1982
"84" 0.323573661998821 1 0.116583959785975 1 0.0639612096145328 1 1983
"85" 0.324531623558419 1 0.115712832584759 1 0.0637085380837563 1 1984
"86" 0.325462673552196 1 0.114818084120456 1 0.0634278190244788 1 1985
"87" 0.326367520497773 1 0.113900410129723 1 0.0631197668647125 1 1986
"88" 0.327246857438469 1 0.112960490864269 1 0.0627850806199652 1 1987
"89" 0.328101362051543 1 0.111998991201569 1 0.0624244440012944 1 1988
"90" 0.32893169677574 1 0.111016560774847 1 0.0620385255426616 1 1989
"91" 0.329738508956138 1 0.110013834120331 1 0.0616279787455891 1 1990
"92" 0.330522431004429 1 0.108991430839912 1 0.0611934422392375 1 1991
"93" 0.331284080572894 1 0.107949955777467 1 0.0607355399541918 1 1992
"94" 0.332024060740488 1 0.106889999207255 1 0.060254881308333 1 1993
"95" 0.332742960209556 1 0.105812137032919 1 0.0597520614033598 1 1994
"96" 0.333441353511821 1 0.104716930995731 1 0.0592276612305604 1 1995
"97" 0.334119801222392 1 0.103604928890815 1 0.0586822478846156 1 1996
"98" 0.334778850180632 1 0.102476664790218 1 0.0581163747842566 1 1997
"99" 0.335419033716846 1 0.101332659271746 1 0.057530581898726 1 1998
"100" 0.336040871883789 1 0.10017341965261 1 0.0569253959790772 1 1999
"101" 0.336644871692118 1 0.0989994402269749 1 0.0563013307934028 1 2000
"102" 0.337231527348976 1 0.0978112025066111 1 0.0556588873651926 1 2001
"103" 0.337801320498937 1 0.0966091754638769 1 0.054998554214051 1 2002
"104" 0.338354720466652 1 0.0953938157763701 1 0.0543208075981156 1 2003
"105" 0.338892184500564 1 0.0941655680726201 1 0.0536261117575356 1 2004
"106" 0.339414158017116 1 0.0929248651782399 1 0.0529149191584488 1 2005
"107" 0.339921074844953 1 0.0916721283620427 1 0.0521876707369415 1 2006
"108" 0.340413357468645 1 0.0904077675816484 1 0.0514447961425311 1 2007
"109" 0.340891417271493 1 0.0891321817281439 1 0.0506867139807294 1 2008
"110" 0.341355654777063 1 0.0878457588694377 1 0.049913832054326 1 2009
"111" 0.341806459889083 1 0.086548876491952 1 0.0491265476030374 1 2010
"112" 0.342244212129401 1 0.0852419017403405 1 0.0483252475412144 1 2011
"113" 0.342669280873731 1 0.0839251916549695 1 0.0475103086933286 1 2012
"114" 0.343082025584938 1 0.0825990934069027 1 0.0466820980270004 1 2013
"115" 0.343482796043643 1 0.0812639445301753 1 0.0458409728833389 1 2014
"116" 0.343871932575954 1 0.079920073151176 1 0.0449872812044192 1 2015
"117" 0.344249766278167 1 0.0785677982149489 1 0.0441213617576999 1 2016
"118" 0.344616619238261 1 0.0772074297082816 1 0.0432435443572627 1 2017
"119" 0.344972804754091 1 0.0758392688794465 1 0.0423541500817244 1 2018
"120" 0.345318627548149 1 0.074463608454483 1 0.0414534914887215 1 2019
